RO 3.00 3.70 2.20 2.80 2.10
AC 5.30 6.00 7.00 7.10 4.60
AM 7.00 6.50 6.20 6.50 5.80
RR 8.20 6.80 8.80 9.60 5.90
PA 6.00 5.50 5.60 4.90 4.70
AP 4.30 3.70 3.00 2.80 0.80
TO 4.40 5.00 3.90 3.80 3.10
MA 4.40 4.70 3.90 4.60 4.30
PI 5.50 6.20 6.20 6.40 5.90
CE 5.70 7.00 5.80 5.70 4.90
RN 8.50 7.00 6.80 6.60 6.30
PB 8.70 7.50 7.70 6.90 6.50
PE 9.80 8.40 7.20 7.00 6.30
AL 8.30 9.60 7.40 6.30 5.80
SE 4.80 6.70 4.60 5.00 4.10
BA 7.60 7.20 6.10 6.40 6.00
MG 5.60 5.40 5.20 5.20 4.40
ES 4.40 4.10 4.10 4.20 3.50
RJ 4.70 3.80 3.60 3.60 2.90
SP 4.20 3.90 3.80 4.10 3.20
PR 4.60 3.50 3.80 3.90 3.40
SC 2.90 2.90 2.90 2.80 2.50
RS 4.40 3.80 4.60 5.00 4.10
MS 6.20 6.40 6.70 6.00 5.40
MT 5.60 5.50 5.70 5.70 4.30
GO 3.30 3.20 3.30 3.90 3.20
DF 2.20 2.50 2.00 2.60 2.20